100 14
2
2 1
4 9

2 1 8 

0 4 0 1 0 0 1 0 2 0 1 0 0 1 
0 4 1 0 0 1 1 1 2 0 1 1 0 1 
1 8 1 1 0 1 0 1 4 0 1 1 0 0 
1 8 0 1 0 0 0 0 4 0 0 1 0 1 
2 10 1 1 0 0 0 0 8 0 1 0 1 0 
2 10 0 0 0 1 1 1 8 0 0 0 1 0 
3 11 1 1 1 1 1 1 12 3 0 1 0 0 
3 11 1 1 1 0 0 1 12 3 0 1 1 0 
3 11 0 0 1 0 1 0 12 3 1 0 1 0 
3 11 0 1 0 1 0 0 12 0 0 1 0 1 
5 15 1 1 1 1 0 1 14 3 1 1 0 0 
5 15 1 1 1 1 1 0 14 3 1 1 1 0 
5 15 0 1 1 0 1 0 14 3 0 1 1 0 
5 15 0 0 0 0 0 1 14 0 1 0 0 1 
6 19 1 0 1 1 0 1 16 3 1 1 1 0 
7 21 1 1 1 1 1 1 19 3 0 0 1 0 
7 21 0 0 1 0 0 1 19 3 1 0 0 1 
7 21 0 0 1 1 0 0 19 3 1 0 1 0 
7 21 1 0 0 0 1 1 19 0 1 0 1 1 
7 21 0 0 1 0 1 1 19 3 0 0 0 0 
7 21 0 0 1 1 0 1 19 3 0 1 0 1 
7 21 0 0 1 0 0 0 19 3 0 1 1 0 
7 21 0 1 1 0 1 1 19 3 1 1 0 0 
8 22 0 0 0 1 0 1 22 0 0 0 0 0 
8 22 1 1 1 0 0 1 22 3 0 0 1 1 
9 25 1 0 0 0 1 0 23 0 1 1 0 0 
9 25 1 1 1 1 0 1 23 3 0 0 1 1 
9 25 0 1 1 0 1 0 23 3 0 0 0 0 
10 25 0 0 1 0 1 1 24 3 1 0 1 0 
11 28 1 0 0 0 1 1 27 0 1 0 0 1 
12 28 0 0 0 0 1 1 31 0 0 1 0 0 
12 28 1 1 1 1 1 1 31 3 0 1 0 1 
12 28 1 0 0 0 0 0 31 0 0 0 0 1 
12 28 1 1 1 1 1 1 31 3 1 1 0 0 
12 28 0 0 0 0 0 1 31 0 0 1 1 0 
13 29 1 1 0 0 0 0 33 0 1 1 0 0 
13 29 0 0 1 1 0 1 33 3 1 1 0 0 
14 30 1 1 0 1 0 1 33 0 1 0 1 0 
14 30 1 1 0 1 0 1 33 0 0 0 0 0 
14 30 1 0 1 0 0 0 33 3 1 1 0 0 
14 30 0 0 1 0 1 0 33 3 1 0 1 0 
15 33 0 0 1 0 1 0 34 3 0 1 1 1 
15 33 0 0 1 0 1 0 34 3 1 0 0 1 
16 36 1 0 0 0 0 1 37 0 1 1 0 1 
16 36 1 0 1 1 1 0 37 3 0 0 0 1 
17 38 1 1 1 1 0 0 40 3 1 0 0 0 
17 38 1 1 1 0 0 1 40 3 0 1 0 0 
18 42 1 0 0 0 0 0 42 0 0 0 1 0 
18 42 1 1 1 1 1 0 42 3 0 0 0 1 
19 43 0 0 0 0 1 1 45 0 0 0 1 1 
19 43 0 1 1 1 0 1 45 3 0 0 1 0 
19 43 0 0 0 0 0 0 45 0 0 0 1 0 
19 43 0 1 1 1 1 0 45 3 0 1 0 1 
20 43 1 1 0 0 1 1 49 0 0 1 1 1 
21 43 0 0 1 1 1 1 50 3 0 0 0 1 
21 43 0 1 0 1 1 0 50 0 0 1 0 0 
21 43 1 0 0 0 0 1 50 0 1 0 0 1 
21 43 0 1 0 0 1 1 50 0 0 0 1 0 
22 43 1 0 0 0 0 0 53 0 0 1 1 1 
22 43 0 1 1 1 0 1 53 3 0 1 1 1 
22 43 1 1 0 0 0 0 53 0 1 0 1 0 
22 43 0 1 0 0 0 1 53 0 0 0 0 0 
22 43 1 0 0 0 0 1 53 0 1 0 1 0 
23 43 1 0 1 1 0 0 57 3 0 1 1 0 
24 44 0 0 0 0 0 1 61 0 0 1 0 1 
24 44 0 1 0 0 1 0 61 0 0 0 0 1 
24 44 0 1 0 0 1 0 61 0 1 0 1 1 
25 47 1 0 1 1 0 1 62 3 1 0 0 1 
25 47 1 1 1 1 1 0 62 3 1 1 0 1 
25 47 0 0 1 0 1 1 62 3 0 1 0 0 
25 47 0 0 0 0 1 0 62 0 0 0 1 1 
25 47 1 0 0 1 1 1 62 0 0 0 1 1 
26 49 0 1 0 1 0 0 66 0 0 1 1 0 
26 49 1 1 0 1 0 1 66 0 1 1 0 1 
26 49 0 1 1 0 1 1 66 3 0 1 1 0 
26 49 1 0 1 1 0 1 66 3 1 0 1 0 
26 49 0 0 1 0 1 0 66 3 0 1 0 1 
26 49 1 0 1 0 0 0 66 3 0 1 0 0 
26 49 1 0 1 0 0 0 66 3 0 1 1 0 
26 49 1 1 0 0 1 0 66 0 0 1 0 0 
27 53 1 1 0 1 0 1 68 0 1 0 1 1 
27 53 1 0 0 0 1 1 68 0 1 1 0 1 
27 53 1 0 0 0 0 1 68 0 1 0 1 0 
27 53 1 1 0 0 1 1 68 0 0 0 0 1 
28 53 1 1 1 0 0 0 72 3 1 0 0 0 
28 53 1 0 1 1 1 1 72 3 1 0 0 1 
28 53 0 1 0 0 1 1 72 0 0 0 0 1 
28 53 0 1 1 0 1 0 72 3 1 0 0 0 
28 53 1 0 0 0 1 0 72 0 1 0 0 0 
29 57 0 0 0 0 0 0 75 0 0 0 0 1 
30 58 0 1 0 1 1 0 76 0 0 1 0 1 
30 58 1 1 0 0 1 1 76 0 1 0 0 0 
30 58 0 0 0 0 0 1 76 0 0 1 1 0 
30 58 1 0 1 1 1 1 76 3 0 0 1 1 
30 58 1 0 1 1 0 1 76 3 1 1 1 1 
31 59 0 0 0 0 0 0 76 0 1 1 0 0 
32 59 0 0 0 0 0 1 77 0 0 1 1 1 
32 59 0 1 0 0 0 0 77 0 0 1 1 1 
32 59 1 0 1 1 0 1 77 3 1 1 0 1 
32 59 0 1 0 0 1 0 77 0 1 1 0 1 
